1 150 162 0
3 163 250 1
4 163 250 1
5 150 239 0
7 240 250 5
8 240 250 5
9 150 244 0
10 150 195 0
12 196 250 10
13 196 250 10
14 150 176 0
16 177 250 14
17 177 250 14
18 150 185 0
20 186 249 18
21 186 250 18
23 250 250 20
24 250 250 20
25 150 189 0
27 190 250 25
28 190 250 25
29 150 193 0
31 194 250 29
32 194 250 29
33 150 198 0
35 199 250 33
36 199 250 33
37 150 150 0
38 151 250 37
40 151 245 37
42 246 250 40
43 246 250 40
44 150 183 0
46 184 250 44
47 184 250 44
48 151 156 0
50 157 250 48
51 157 250 48
52 150 199 0
54 200 250 52
55 200 250 52
56 150 203 0
58 204 250 56
59 204 250 56
60 150 207 0
62 208 250 60
63 208 250 60
64 150 240 0
65 241 250 64
67 241 250 64
69 150 204 0
71 150 196 0
73 205 250 69
74 205 250 69
75 197 250 71
76 197 250 71
77 150 203 0
79 204 250 77
80 204 250 77
81 150 170 0
82 171 250 81
84 171 250 81
85 150 250 0
86 150 192 0
88 193 250 86
89 193 250 86
90 150 178 0
92 179 250 90
93 179 248 90
95 249 250 93
96 249 250 93
97 150 168 0
99 169 231 97
100 169 243 97
102 232 250 99
103 232 250 99
104 150 166 0
105 167 227 104
107 167 224 104
109 228 250 105
110 228 250 105
112 225 250 107
113 225 250 107
115 244 250 100
116 244 250 100
117 150 250 0
118 150 192 0
120 193 250 118
121 193 250 118
122 150 238 0
123 239 250 122
125 239 250 122
126 150 197 0
128 198 250 126
129 198 234 126
130 150 250 0
131 150 162 0
133 163 222 131
134 163 225 131
136 223 250 133
137 223 250 133
138 150 162 0
140 163 226 138
141 163 224 138
144 225 250 141
145 225 250 141
146 227 250 140
147 227 250 140
149 226 250 134
150 226 250 134
151 150 250 0
152 150 177 0
154 178 250 152
155 178 250 152
156 150 209 0
157 210 250 156
159 210 250 156
160 150 178 0
162 179 250 160
163 179 250 160
164 150 221 0
166 222 250 164
167 222 250 164
168 150 250 0
169 150 170 0
171 171 250 169
172 171 245 169
174 246 250 172
175 246 250 172
176 150 207 0
178 208 242 176
179 208 250 176
181 243 250 178
182 243 250 178
183 150 151 0
185 152 220 183
186 152 207 183
188 208 250 186
189 208 250 186
193 150 218 0
195 219 250 193
196 219 250 193
197 150 157 0
199 158 217 197
200 158 216 197
202 217 250 200
203 217 250 200
205 218 250 199
206 218 250 199
207 150 158 0
208 159 241 207
210 159 250 207
212 242 250 208
213 242 250 208
214 150 228 0
215 229 250 214
217 229 250 214
218 150 250 0
219 150 153 0
220 154 213 219
222 154 250 219
224 214 250 220
225 214 250 220
228 157 235 236
231 236 250 228
232 236 250 228
234 240 250 237
235 240 250 237
236 150 156 0
237 157 239 236
238 150 168 0
240 169 237 238
241 169 225 238
243 238 250 240
244 238 250 240
245 150 174 0
247 175 240 245
248 175 236 245
250 241 250 247
251 241 250 247
254 150 198 0
256 199 250 254
257 199 250 254
258 150 192 0
260 193 250 258
261 193 250 258
262 150 194 0
264 195 250 262
265 195 250 262
266 150 184 0
268 185 250 266
269 185 246 266
271 247 250 269
272 247 250 269
273 150 161 0
275 162 241 273
276 162 250 273
278 242 250 275
279 242 250 275
280 150 151 0
282 152 209 280
283 152 206 280
285 207 250 283
286 207 250 283
287 210 250 0
288 150 192 0
290 193 250 288
291 193 250 288
292 150 199 0
293 200 250 292
295 200 250 292
296 150 219 0
297 220 250 296
299 220 250 296
300 150 163 0
302 164 240 300
303 164 230 300
305 231 250 303
306 231 250 303
308 241 250 302
309 241 250 302
310 150 163 0
312 164 230 310
313 164 227 310
315 228 250 313
316 228 250 313
317 150 211 0
319 212 250 317
320 212 250 317
321 150 162 0
323 163 217 321
324 163 220 321
326 218 250 323
327 218 250 323
329 221 250 324
330 221 250 324
331 150 159 0
333 160 212 331
334 160 220 331
336 213 250 333
337 213 250 333
339 221 250 334
340 221 250 334
341 150 250 0
342 150 210 0
344 211 250 342
345 211 250 342
346 150 250 0
347 150 192 0
349 193 250 347
350 193 250 347
351 150 197 0
352 198 250 351
354 198 250 351
355 150 190 0
357 191 250 355
358 191 250 355
359 150 197 0
361 198 250 359
362 198 250 359
363 150 172 0
365 173 250 363
366 173 248 363
368 249 250 366
369 249 250 366
370 150 227 0
372 228 250 370
373 228 250 370
374 150 207 0
376 208 250 374
377 208 250 374
378 150 208 0
379 209 250 378
381 209 250 378
382 150 210 0
383 211 250 382
385 211 250 382
388 210 250 840
391 150 181 0
392 182 250 391
394 182 250 391
395 150 183 0
397 184 250 395
398 184 250 395
399 150 202 0
401 203 250 399
402 203 250 399
403 150 206 0
405 207 250 403
406 207 250 403
407 150 197 0
408 150 250 0
409 150 208 0
411 209 250 409
412 209 250 409
413 150 212 0
415 213 250 413
416 213 250 413
417 150 250 0
418 150 179 0
420 180 250 418
421 180 250 418
422 150 179 0
424 180 250 422
425 180 250 422
426 150 153 0
427 154 216 426
429 154 221 426
431 217 250 427
432 217 250 427
434 222 250 429
435 222 250 429
436 150 229 0
438 230 250 436
439 230 250 436
440 150 189 0
442 190 250 440
443 190 250 440
447 150 183 0
448 184 250 447
450 184 250 447
451 150 180 0
452 150 207 0
454 208 250 452
455 208 250 452
456 150 211 0
458 212 250 456
459 212 250 456
460 150 250 0
461 150 250 0
462 150 193 0
464 194 250 462
465 194 250 462
466 150 205 0
468 206 250 466
469 206 250 466
470 150 220 0
471 221 250 470
473 221 250 470
474 150 213 0
476 214 250 474
477 214 250 474
478 150 213 0
480 214 250 478
481 214 250 478
482 150 207 0
484 208 250 482
485 208 250 482
486 150 189 0
487 190 250 486
489 190 250 486
490 150 181 0
492 182 239 490
493 182 250 490
495 240 250 492
496 240 250 492
497 150 190 0
499 191 250 497
500 191 250 497
501 150 202 0
503 203 250 501
504 203 250 501
505 150 193 0
506 194 250 505
508 194 250 505
509 150 186 0
510 187 250 509
512 187 250 509
513 150 200 0
515 201 250 513
516 201 250 513
517 208 250 0
518 215 250 0
519 218 239 0
520 240 250 519
522 240 250 519
523 150 184 0
525 185 250 523
526 185 250 523
527 150 175 0
529 176 250 527
530 176 250 527
531 150 204 0
533 205 250 531
534 205 250 531
535 150 214 0
537 215 250 535
538 215 250 535
539 150 190 0
542 191 250 539
543 191 250 539
544 150 193 0
546 194 250 544
547 194 250 544
548 150 250 0
549 150 192 0
550 193 250 549
552 193 250 549
553 150 157 0
555 158 250 553
556 158 250 553
557 150 177 0
559 178 250 557
560 178 250 557
561 150 176 0
562 177 250 561
564 177 244 561
566 245 250 564
567 245 250 564
568 150 188 0
570 189 250 568
571 189 250 568
572 150 223 0
574 224 250 572
575 224 250 572
576 150 215 0
578 216 250 576
579 216 250 576
580 150 215 0
582 216 250 580
583 216 250 580
584 150 190 0
586 191 250 584
587 191 250 584
588 150 194 0
589 195 250 588
591 195 250 588
592 150 250 0
593 150 208 0
595 209 250 593
596 209 250 593
597 150 211 0
598 212 250 597
600 212 250 597
602 150 223 0
604 224 250 602
605 224 250 602
606 150 222 0
608 223 250 606
609 223 250 606
610 150 210 0
612 211 250 610
613 211 250 610
614 150 200 0
615 201 250 614
617 201 250 614
618 163 250 0
619 150 239 0
621 240 250 619
622 240 250 619
623 150 250 0
624 150 224 0
626 225 250 624
627 225 250 624
628 150 193 0
630 194 250 628
631 194 250 628
632 150 208 0
634 209 250 632
635 209 250 632
636 150 205 0
638 206 250 636
639 206 250 636
640 150 214 0
642 215 250 640
643 215 250 640
644 150 218 0
646 219 250 644
647 219 250 644
648 150 215 0
649 216 250 648
651 216 250 648
652 150 212 0
654 213 250 652
655 213 250 652
656 150 202 0
657 203 250 656
659 203 250 656
660 150 179 0
662 180 250 660
663 180 250 660
665 150 215 0
666 216 250 665
668 216 250 665
669 150 219 0
671 220 250 669
672 220 250 669
673 150 207 0
674 208 250 673
676 208 250 673
677 150 169 0
678 150 196 0
679 197 250 678
681 197 250 678
682 150 183 0
684 184 250 682
685 184 250 682
686 150 203 0
687 204 250 686
689 204 250 686
690 150 206 0
694 207 250 690
696 207 250 690
697 150 250 0
698 150 193 0
700 194 250 698
701 194 250 698
702 150 176 0
703 177 250 702
705 177 250 702
706 150 181 0
707 182 250 706
709 182 244 706
711 245 250 709
712 245 250 709
713 150 174 0
715 175 233 713
716 175 226 713
718 227 250 716
719 227 250 716
720 234 250 715
722 234 250 715
723 211 250 0
724 150 170 0
726 171 225 724
727 171 229 724
729 226 250 726
730 226 250 726
732 230 250 727
733 230 250 727
734 150 209 0
736 210 250 734
737 210 250 734
738 150 220 0
739 221 250 738
741 221 250 738
742 150 215 0
743 216 250 742
745 216 250 742
746 150 213 0
748 214 250 746
749 214 250 746
750 150 183 0
752 184 245 750
753 184 244 750
755 245 250 753
756 245 250 753
758 246 250 752
759 246 250 752
760 170 250 0
761 240 250 0
762 150 217 0
763 218 250 762
765 218 250 762
766 150 208 0
768 209 250 766
769 209 250 766
770 150 210 0
771 211 250 770
773 211 250 770
774 150 250 0
775 150 198 0
777 199 250 775
778 199 250 775
779 150 223 0
781 224 250 779
782 224 250 779
783 150 232 0
785 233 250 783
786 233 250 783
787 150 217 0
789 218 250 787
790 218 250 787
791 150 224 0
793 225 250 791
794 225 250 791
797 168 250 0
802 150 211 0
803 150 224 0
805 225 250 803
806 225 250 803
808 212 250 802
809 212 250 802
810 150 212 0
811 150 213 0
813 213 250 810
814 213 250 810
816 214 250 811
817 214 250 811
818 150 250 0
819 150 177 0
821 178 250 819
822 178 250 819
823 150 199 0
825 200 250 823
826 200 250 823
827 150 195 0
829 196 250 827
830 196 250 827
831 150 196 0
833 197 250 831
834 197 250 831
836 150 156 0
838 210 250 840
839 157 209 836
840 157 209 836
842 210 250 839
843 210 250 839
844 150 167 0
846 168 250 844
847 168 219 844
849 220 250 847
850 220 250 847
851 188 248 0
853 249 250 851
854 249 250 851
855 196 249 0
857 250 250 855
858 250 250 855
860 231 250 312
861 231 250 312